acc = [  0.00042721  -0.00370628   0.00325363
  0.00042553  -0.00371141   0.00324383
 0.000423844  -0.00371652   0.00323402
 0.000421304  -0.00372417   0.00321929
 0.000420603  -0.00372627   0.00321524
 0.000419752  -0.00372881   0.00321033
 0.000418046  -0.00373388    0.0032005
 0.000417191   -0.0037364   0.00319559
 0.000415477  -0.00374145   0.00318575
 0.000413757  -0.00374648   0.00317591
 0.000412894  -0.00374899   0.00317098
 0.000410299   -0.0037565   0.00315621
 0.000408561  -0.00376149   0.00314635
  0.00040769  -0.00376398   0.00314142
 0.000405944  -0.00376895   0.00313155
 0.000404193   -0.0037739   0.00312168
 0.000403314  -0.00377637   0.00311674
 0.000401554  -0.00378131   0.00310686
 0.000399788  -0.00378622   0.00309697
 0.000398726  -0.00378917   0.00309104
 0.000397839  -0.00379162   0.00308609
 0.000396061   -0.0037965    0.0030762
 0.000395325  -0.00380027   0.00306676
 0.000395179  -0.00381904   0.00300966
 0.000395033  -0.00383773   0.00295254
 0.000394959  -0.00384704   0.00292397
 0.000394886  -0.00385634   0.00289539
 0.000397494  -0.00389946   0.00275981
 0.000400919  -0.00392765    0.0026694
 0.000407732  -0.00398378   0.00248852
  0.00041112  -0.00401173   0.00239804
 0.000417859  -0.00406737     0.002217
 0.000427161  -0.00413657   0.00199067
 0.000446282  -0.00425895      0.00159
 0.000455699  -0.00432002   0.00138963
 0.000471952  -0.00442668    0.0010389
 0.000490171  -0.00454828  0.000637951
 0.000499138  -0.00460895  0.000437439
 0.000515343  -0.00471108  0.000103981
 0.000549383  -0.00492137 -0.000584196
 0.000584072  -0.00513088  -0.00127255
  0.00060166  -0.00523534  -0.00161681
 0.000659236  -0.00557573  -0.00273898
 0.000684643  -0.00573438  -0.00325725
 0.000709797  -0.00589292  -0.00377557
 0.000759342   -0.0062097  -0.00481236
 0.000807868  -0.00652605   -0.0058493
 0.000857348  -0.00685408  -0.00692521
 0.000919669  -0.00726647   -0.0082735
 0.000950465  -0.00747246  -0.00894772
 0.000985581  -0.00770917  -0.00972317
  0.00104589  -0.00812039   -0.0110719
  0.00110667  -0.00853483    -0.012434
  0.00114594   -0.0087651   -0.0131959
   0.0012253   -0.0092247   -0.0147199
  0.00130572    -0.009683   -0.0162442
  0.00138722     -0.01014   -0.0177688
  0.00146687   -0.0105995   -0.0193171
  0.00153993   -0.0110644   -0.0209095
  0.00157566   -0.0112961    -0.021706
  0.00161085   -0.0115274   -0.0225027
  0.00167961   -0.0119885   -0.0240964
   0.0017487   -0.0124358   -0.0256471
  0.00182667   -0.0128348   -0.0270256
  0.00186565   -0.0130343   -0.0277148
  0.00190463   -0.0132338    -0.028404
  0.00197285   -0.0135829   -0.0296101
  0.00205082   -0.0139819   -0.0309885
  0.00212421   -0.0142401    -0.032004
  0.00219768   -0.0144873    -0.032994
  0.00223458   -0.0146106   -0.0334891
  0.00230869   -0.0148563   -0.0344794
   0.0023758    -0.015059   -0.0353259
  0.00240003   -0.0151071   -0.0355671
   0.0024485   -0.0152032   -0.0360496
  0.00249696   -0.0152994    -0.036532
  0.00252119   -0.0153474   -0.0367732
  0.00254542   -0.0153955   -0.0370144
   0.0025674   -0.0153819   -0.0371756
  0.00257684   -0.0152107   -0.0370752
  0.00258171   -0.0151251    -0.037025
  0.00258939   -0.0149788   -0.0367835
  0.00260184   -0.0147188   -0.0361833
  0.00260788    -0.014589   -0.0358832
  0.00261961   -0.0143295   -0.0352828
   0.0026253   -0.0141999   -0.0349825
  0.00262397   -0.0139035   -0.0342529
  0.00260733   -0.0137069   -0.0337207
   0.0025744   -0.0133141   -0.0326563
  0.00255812   -0.0131177   -0.0321241
  0.00252193   -0.0126763   -0.0309263
  0.00250604   -0.0124803    -0.030394
  0.00248795   -0.0122596   -0.0297723
  0.00244607   -0.0117568   -0.0283071
  0.00242095   -0.0114551   -0.0274281
  0.00240001   -0.0112037   -0.0266954
  0.00235813   -0.0107009   -0.0252303
  0.00231401   -0.0101875   -0.0237204
  0.00228552  -0.00990021   -0.0228378
  0.00222141  -0.00925253   -0.0208523
  0.00219292  -0.00896408     -0.01997
  0.00216442   -0.0086753   -0.0190878
  0.00210741  -0.00809669   -0.0173239
  0.00196178  -0.00686029   -0.0135025
  0.00188661   -0.0062315   -0.0115554
  0.00184949  -0.00591683   -0.0105819
  0.00177617  -0.00528696  -0.00863511
  0.00173714  -0.00496802  -0.00763171
   0.0016578  -0.00432897  -0.00561668
  0.00157775   -0.0036898  -0.00360177
  0.00153746  -0.00337014  -0.00259429
  0.00145633  -0.00273074 -0.000579506
  0.00141502  -0.00242469  0.000397387
  0.00133213  -0.00183121   0.00231116
  0.00124991  -0.00123861   0.00422517
  0.00116835 -0.000646836   0.00613953
  0.00112782  -0.00035128   0.00709679
  0.00104922  0.000198449    0.0089064
 0.000971932  0.000720163    0.0106464
 0.000933228  0.000980666    0.0115164
 0.000855703   0.00150098    0.0132568
  0.00081688   0.00176079     0.014127
 0.000745649   0.00223406    0.0157267
 0.000682517   0.00265004     0.017149
  0.00062166    0.0030509    0.0185179
 0.000558335   0.00346786      0.01994
 0.000526637   0.00367651     0.020651
 0.000481536   0.00398047    0.0217537
 0.000462157     0.004113    0.0222508
  0.00042353   0.00437775    0.0232451
 0.000404282   0.00450997    0.0237423
 0.000365914    0.0047741    0.0247369
 0.000343281   0.00493666    0.0254269
 0.000331846   0.00502642    0.0258987
 0.000326132   0.00507119    0.0261346
  0.00031471   0.00516053    0.0266065
 0.000309002   0.00520509    0.0268424
 0.000311133   0.00521772    0.0270781
 0.000334784   0.00511079    0.0269557
  0.00035708   0.00501023    0.0268405
 0.000368242   0.00495997    0.0267829
 0.000390592   0.00485952    0.0266676
 0.000410674   0.00474944    0.0264331
 0.000437401   0.00459532    0.0260681
 0.000491154   0.00428768    0.0253377
 0.000545301    0.0039809    0.0246071
 0.000572522   0.00382781    0.0242416
 0.000599842   0.00367494    0.0238761
 0.000723869   0.00301492    0.0221188
 0.000817142   0.00252725    0.0207911
  0.00091109   0.00203966    0.0194635
 0.000958315    0.0017959    0.0187997
  0.00106836   0.00123877    0.0172525
  0.00119671    0.0005944    0.0154359
  0.00126067  0.000271412    0.0145278
   0.0013165 -1.16435e-05    0.0137334
  0.00144369 -0.000660177    0.0119181
  0.00150706 -0.000985235    0.0110107
  0.00164167  -0.00171487   0.00899161
  0.00170955  -0.00209437   0.00794445
  0.00184309  -0.00285382   0.00585031
  0.00190876  -0.00323379   0.00480326
  0.00203787  -0.00399428   0.00270915
  0.00215069  -0.00476017   0.00062619
  0.00220171  -0.00514546 -0.000410904
  0.00235495   -0.0063039  -0.00352129
  0.00245725   -0.0070783  -0.00559404
   0.0025405  -0.00782746  -0.00756884
  0.00259406  -0.00853559  -0.00939347
  0.00262271   -0.0089162   -0.0103743
  0.00267576  -0.00962428   -0.0121989
  0.00272849   -0.0103323   -0.0140237
  0.00273866   -0.0106556   -0.0148251
   0.0027308   -0.0112489   -0.0162342
   0.0027228   -0.0118428   -0.0176432
  0.00271874   -0.0121399   -0.0183475
  0.00271052   -0.0127346   -0.0197561
   0.0026606   -0.0132411   -0.0208664
   0.0026217    -0.013465   -0.0213228
  0.00242496   -0.0145863   -0.0236037
  0.00238516   -0.0148109   -0.0240597
   0.0023185   -0.0149651   -0.0242971
  0.00217573   -0.0152493   -0.0246971
  0.00210957   -0.0153808   -0.0248821
  0.00196624    -0.015665   -0.0252819
   0.0018225   -0.0159492   -0.0256817
  0.00174162   -0.0160527   -0.0257636
  0.00165069   -0.0161127    -0.025712
  0.00146883   -0.0162327   -0.0256089
    0.001287   -0.0163527   -0.0255058
  0.00119609   -0.0164128   -0.0254543
  0.00101132    -0.016523   -0.0253239
 0.000781357   -0.0164837   -0.0247758
 0.000666565   -0.0164642   -0.0245016
 0.000437352   -0.0164253   -0.0239532
  0.00020865   -0.0163867   -0.0234045
-2.52072e-05   -0.0162976   -0.0227125
-0.000268486   -0.0161221   -0.0217762
-0.000396174   -0.0160301   -0.0212847
-0.000639332   -0.0158549   -0.0203482
-0.000882398     -0.01568   -0.0194118
 -0.00100637   -0.0155632   -0.0188738
 -0.00125888   -0.0152697   -0.0176561
 -0.00151065   -0.0149763   -0.0164384
